/*
Классы символов
0 - Zero,
1 - One,
2 - TwoToNine,
3 - HexPrefix,
4 - LetterHexDigit,
5 - BinPrefix,
6 - BinDigit,
7 - Letter,
8 - Underscore,
9 - Plus,
10 - Minus,
11 - Slash,
12 - Asterisk,
13 - Equal,
14 - LessThan,
15 - MoreThan,
16 - SingleQuote,
17 - DoubleQuote,
18 - Ampersand,
19 - Percent,
20 - Exclamation,
21 - VerticalLine,
22 - Comma,
23 - Punctuator,
24 - WS,
25 - Other

нп - -1  -1  -1  -1  -1  -1  -1  -1  -1  -1  -1  -1  -1  -1  -1  -1  -1  -1  -1  -1  -1  -1  -1  -1  -1  -1

*/

//      0   1   2   3   4   5   6   7   8   9   10  11  12  13  14  15  16  17  18  19  20  21  22  23  24  25
//0     54  36  36  1   1   1   -1  1   43  11  15  5   22  19  28  31  44  3   47  -1  51  49  53  53  25  -1
//1     1   1   1   1   1   1   -1  1   1   2   2   2   2   2   2   2   -1  -1   2   2   2   2   2   2   2  2
//2     -1  -1  -1  -1  -1  -1  -1  -1  -1  -1  -1  -1  -1  -1  -1  -1  -1  -1  -1  -1  -1  -1  -1  -1  -1  -1
//3     3   3   3   3   3   3   3   3   3   3   3   3   3   3   3   3   3   4   3   3   3   3   3   3   3   3
//4     -1  -1  -1  -1  -1  -1  -1  -1  -1  -1  -1  -1  -1  -1  -1  -1  -1  -1  -1  -1  -1  -1  -1  -1  -1  -1
//5     26  26  26  26  26  26  -1  26  26  -1  -1  -1   7  27  -1  -1  -1  -1  -1  -1  -1  -1  -1  -1  26  -1
//6     -1  -1  -1  -1  -1  -1  -1  -1  -1  -1  -1  -1  -1  -1  -1  -1  -1  -1  -1  -1  -1  -1  -1  -1  -1  -1
//7     7   7   7   7   7   7   7   7   7   7   7   7   9   7   7   7   7   7   7   7   7   7   7   7   7   7 
//8     -1  -1  -1  -1  -1  -1  -1  -1  -1  -1  -1  -1  -1  -1  -1  -1  -1  -1  -1  -1  -1  -1  -1  -1  -1  -1
//9     7   7   7   7   7   7   7   7   7   7   7   10  7   7   7   7   7   7   7   7   7   7   7   7   7   7   
//10    -1  -1  -1  -1  -1  -1  -1  -1  -1  -1  -1  -1  -1  -1  -1  -1  -1  -1  -1  -1  -1  -1  -1  -1  -1  -1
//11    14  14  14  14  14  14  -1  14  14  12  -1  -1  -1  13  -1  -1  -1  -1  -1  -1  -1  -1  -1  -1  14  -1
//12    -1  -1  -1  -1  -1  -1  -1  -1  -1  -1  -1  -1  -1  -1  -1  -1  -1  -1  -1  -1  -1  -1  -1  -1  -1  -1
//13    -1  -1  -1  -1  -1  -1  -1  -1  -1  -1  -1  -1  -1  -1  -1  -1  -1  -1  -1  -1  -1  -1  -1  -1  -1  -1
//14    -1  -1  -1  -1  -1  -1  -1  -1  -1  -1  -1  -1  -1  -1  -1  -1  -1  -1  -1  -1  -1  -1  -1  -1  -1  -1
//15    18  18  18  18  18  18  -1  18  18  -1  16  -1  -1  17  -1  -1  -1  -1  -1  -1  -1  -1  -1  -1  18  -1
//16    -1  -1  -1  -1  -1  -1  -1  -1  -1  -1  -1  -1  -1  -1  -1  -1  -1  -1  -1  -1  -1  -1  -1  -1  -1  -1
//17    -1  -1  -1  -1  -1  -1  -1  -1  -1  -1  -1  -1  -1  -1  -1  -1  -1  -1  -1  -1  -1  -1  -1  -1  -1  -1
//18    -1  -1  -1  -1  -1  -1  -1  -1  -1  -1  -1  -1  -1  -1  -1  -1  -1  -1  -1  -1  -1  -1  -1  -1  -1  -1
//19    20  20  20  20  20  20  -1  20  20  -1  -1  -1  -1  13  -1  -1  -1  -1  -1  -1  -1  -1  -1  -1  20  -1
//20    -1  -1  -1  -1  -1  -1  -1  -1  -1  -1  -1  -1  -1  -1  -1  -1  -1  -1  -1  -1  -1  -1  -1  -1  -1  -1
//21    -1  -1  -1  -1  -1  -1  -1  -1  -1  -1  -1  -1  -1  -1  -1  -1  -1  -1  -1  -1  -1  -1  -1  -1  -1  -1
//22    23  23  23  23  23  23  -1  23  23  -1  -1  -1  -1  24  -1  -1  -1  -1  -1  -1  -1  -1  -1  -1  23  -1
//23    -1  -1  -1  -1  -1  -1  -1  -1  -1  -1  -1  -1  -1  -1  -1  -1  -1  -1  -1  -1  -1  -1  -1  -1  -1  -1
//24    -1  -1  -1  -1  -1  -1  -1  -1  -1  -1  -1  -1  -1  -1  -1  -1  -1  -1  -1  -1  -1  -1  -1  -1  -1  -1
//25    57  57  57  57  57  57  57  57  57  57  57  57  57  57  57  57  57  57  57  57  57  57  57  57  25  57
//26    -1  -1  -1  -1  -1  -1  -1  -1  -1  -1  -1  -1  -1  -1  -1  -1  -1  -1  -1  -1  -1  -1  -1  -1  -1  -1
//27    -1  -1  -1  -1  -1  -1  -1  -1  -1  -1  -1  -1  -1  -1  -1  -1  -1  -1  -1  -1  -1  -1  -1  -1  -1  -1
//28    29  29  29  29  29  29  -1  29  29  -1  -1  -1  -1  34  30  -1  -1  -1  -1  -1  -1  -1  -1  -1  29  -1
//29    -1  -1  -1  -1  -1  -1  -1  -1  -1  -1  -1  -1  -1  -1  -1  -1  -1  -1  -1  -1  -1  -1  -1  -1  -1  -1
//30    -1  -1  -1  -1  -1  -1  -1  -1  -1  -1  -1  -1  -1  -1  -1  -1  -1  -1  -1  -1  -1  -1  -1  -1  -1  -1
//31    32  32  32  32  32  32  -1  32  32  -1  -1  -1  -1  35  -1  33  -1  -1  -1  -1  -1  -1  -1  -1  32  -1
//32    -1  -1  -1  -1  -1  -1  -1  -1  -1  -1  -1  -1  -1  -1  -1  -1  -1  -1  -1  -1  -1  -1  -1  -1  -1  -1
//33    -1  -1  -1  -1  -1  -1  -1  -1  -1  -1  -1  -1  -1  -1  -1  -1  -1  -1  -1  -1  -1  -1  -1  -1  -1  -1
//34    -1  -1  -1  -1  -1  -1  -1  -1  -1  -1  -1  -1  -1  -1  -1  -1  -1  -1  -1  -1  -1  -1  -1  -1  -1  -1
//35    -1  -1  -1  -1  -1  -1  -1  -1  -1  -1  -1  -1  -1  -1  -1  -1  -1  -1  -1  -1  -1  -1  -1  -1  -1  -1
//      0   1   2   3   4   5   6   7   8   9   10  11  12  13  14  15  16  17  18  19  20  21  22  23  24  25
//36    36  36  36  -1  -1  -1  -1  -1  36  55  55  55  55  55  55  55  -1  -1  55  55  55  55  41  55  55  -1
//37    38  38  38  38  38  38  -1  -1  38  -1  -1  -1  -1  -1  -1  -1  -1  -1  -1  -1  -1  -1  -1  -1  -1  -1
//38    -1  -1  -1  -1  -1  -1  -1  -1  -1  -1  -1  -1  -1  -1  -1  -1  -1  -1  -1  -1  -1  -1  -1  -1  -1  -1
//39    40  40  -1  -1  -1  -1  -1  -1  40  -1  -1  -1  -1  -1  -1  -1  -1  -1  -1  -1  -1  -1  -1  -1  -1  -1
//40    -1  -1  -1  -1  -1  -1  -1  -1  -1  -1  -1  -1  -1  -1  -1  -1  -1  -1  -1  -1  -1  -1  -1  -1  -1  -1
//41    42  42  42  -1  -1  -1  -1  -1  -1  -1  -1  -1  -1  -1  -1  -1  -1  -1  -1  -1  -1  -1  -1  -1  -1  -1
//42    42  42  42  -1  -1  -1  -1  -1  42  -1  -1  -1  -1  -1  -1  -1  -1  -1  -1  -1  -1  -1  -1  -1  -1  -1
//43    1   1   1   -1   1   1  -1   1   1  -1  -1  -1  -1  -1  -1  -1  -1  -1  -1  -1  -1  -1  -1  -1  -1  -1
//44    45  45  45  45  45  45  45  45  45  45  45  45  45  45  45  45  -1  45  45  45  45  45  45  45  45  45
//45    -1  -1  -1  -1  -1  -1  -1  -1  -1  -1  -1  -1  -1  -1  -1  -1  46  -1  -1  -1  -1  -1  -1  -1  -1  -1
//46    -1  -1  -1  -1  -1  -1  -1  -1  -1  -1  -1  -1  -1  -1  -1  -1  -1  -1  -1  -1  -1  -1  -1  -1  -1  -1

//      0   1   2   3   4   5   6   7   8   9   10  11  12  13  14  15  16  17  18  19  20  21  22  23  24  25

//47    48  48  48  48  48  48  48  48  48  48  48  48  48  48  48  48  48  48  47  48  48  48  48  48  48  48
//48    -1  -1  -1  -1  -1  -1  -1  -1  -1  -1  -1  -1  -1  -1  -1  -1  -1  -1  -1  -1  -1  -1  -1  -1  -1  -1
//49    50  50  50  50  50  50  50  50  50  50  50  50  50  50  50  50  50  50  50  50  50  49  50  50  50  50 
//50    -1  -1  -1  -1  -1  -1  -1  -1  -1  -1  -1  -1  -1  -1  -1  -1  -1  -1  -1  -1  -1  -1  -1  -1  -1  -1
//51    52  52  52  52  52  52  52  52  52  52  52  52  52  52  52  52  52  52  52  52  51  52  52  52  52  52  
//52    -1  -1  -1  -1  -1  -1  -1  -1  -1  -1  -1  -1  -1  -1  -1  -1  -1  -1  -1  -1  -1  -1  -1  -1  -1  -1
//53    -1  -1  -1  -1  -1  -1  -1  -1  -1  -1  -1  -1  -1  -1  -1  -1  -1  -1  -1  -1  -1  -1  -1  -1  -1  -1
//54    -1  36  36  37  37  39  -1  -1  -1  -1  -1  -1  -1  -1  -1  -1  -1  -1  -1  -1  -1  -1  -1  -1  -1  -1
//55    -1  -1  -1  -1  -1  -1  -1  -1  -1  -1  -1  -1  -1  -1  -1  -1  -1  -1  -1  -1  -1  -1  -1  -1  -1  -1
//56    -1  -1  -1  -1  -1  -1  -1  -1  -1  -1  -1  -1  -1  -1  -1  -1  -1  -1  -1  -1  -1  -1  -1  -1  -1  -1
//57    -1  -1  -1  -1  -1  -1  -1  -1  -1  -1  -1  -1  -1  -1  -1  -1  -1  -1  -1  -1  -1  -1  -1  -1  -1  -1